#Carolina Guadalupe Hernández García 
#Matrícula: 2074797
#Fecha: 14 septiembre 2020


prueba <- c(12,17,18,21,32,19,18,24,15,19,21,32,18,25,22,29)
prueba